87,422
392,223
312,409
36,234
153,401
304,371
255,425
31,67
192,3
58,159
56,420
198,138
313,76
1,326
205,192
371,153
431,263
364,157
16,26
394,359
34,43
170,489
241,150
159,453
186,151
171,390
490,451
307,378
83,158
109,416
483,345
331,421
401,426
89,482
455,146
63,68
63,258
126,57
161,348
457,91
315,211
11,357
329,348
178,99
149,372
160,82
163,103
183,5
399,289
468,325
103,451
201,82
292,239
392,128
481,161
105,447
472,295
218,7
228,195
4,136
481,433
237,472
91,373
441,159
376,300
394,156
182,175
246,350
163,140
137,279
310,309
354,100
42,460
366,470
256,381
359,203
150,360
375,420
212,469
390,221
464,297
485,251
168,456
283,315
183,423
179,95
140,476
409,177
232,311
47,466
382,397
304,474
266,60
225,18
288,8
481,238
435,155
118,182
455,25
377,347
249,205
308,404
149,144
87,168
417,379
461,473
332,113
482,298
276,16
355,11
181,462
18,69
386,184
274,222
447,338
312,89
431,349
261,480
420,131
343,370
377,142
253,264
304,486
156,406
369,451
55,96
222,364
174,124
387,478
71,112
58,160
183,223
267,443
418,124
157,221
478,324
141,323
443,117
380,4
155,343
155,337
192,297
41,336
201,393
343,96
56,425
29,436
183,66
178,179
427,8
82,151
283,449
17,372
404,43
20,276
136,401
54,322
23,361
414,226
355,169
433,396
142,266
74,56
399,469
144,332
22,20
426,180
461,424
384,33
306,42
255,135
32,22
248,153
21,462
378,197
33,424
29,282
110,144
377,135
236,104
305,397
253,447
382,133
292,74
271,212
34,203
485,198
300,265
277,53
109,97
178,191
164,279
171,346
421,396
487,52
322,13
102,206
74,51
418,117
486,450
139,435
90,13
57,39
357,309
401,160
265,421
126,31
439,91
358,15
432,49
247,226
228,147
165,314
103,25
140,235
203,89
122,478
461,138
387,373
443,369
9,87
78,396
279,114
377,287
226,100
31,384
196,360
142,167
162,65
30,122
431,442
398,24
174,173
122,358
480,276
215,153
123,444
327,454
472,244
206,133
127,389
448,374
433,170
316,181
6,341
245,166
290,438
4,332
128,136
8,143
105,367
350,27
164,246
317,130
103,98
132,420
486,379
232,306
45,372
118,295
91,439
152,153
131,483
75,41
24,219
291,227
343,110
253,359
394,462
425,14
13,448
410,299
460,55
187,257
290,324
18,174
227,45
31,185
465,207
53,66
96,390
316,72
42,150
361,75
175,252
61,393
147,463
467,463
447,393
21,149
195,378
441,59
273,117
448,294
301,377
158,366
349,230
385,160
1,64
145,180
466,364
111,86
54,338
341,298
463,152
210,248
186,171
44,275
464,399
27,410
410,409
420,187
264,168
82,12
317,377
14,38
64,307
404,233
82,321
89,440
152,374
150,27
378,86
324,12
272,418
301,397
110,130
394,447
298,246
278,449
312,98
300,336
193,260
308,31
127,173
319,373
33,310
38,246
410,477
73,66
265,72
354,249
292,155
68,120
389,65
440,134
438,448
32,232
111,470
28,285
48,490
422,396
411,274
91,442
251,313
478,456
143,308
36,153
102,360
356,488
152,389
10,204
401,46
143,224
408,270
150,316
189,173
183,225
349,262
428,329
34,8
391,438
235,432
462,216
78,82
154,267
462,481
102,84
374,81
185,74
37,399
335,14
254,147
223,181
240,386
8,365
313,330
379,5
374,238
327,73
288,380
401,36
393,326
95,401
100,441
196,382
148,483
295,347
200,377
383,202
326,205
313,247
306,30
187,70
67,441
42,342
64,414
4,15
7,286
382,404
161,310
160,273
135,63
200,420
202,301
462,369
175,372
229,456
392,445
102,431
163,351
375,173
323,468
310,364
372,340
109,267
315,125
360,312
408,420
353,36
424,167
145,208
1,270
112,422
179,212
121,418
386,69
181,178
487,444
301,125
476,403
146,220
417,183
367,228
82,451
328,3
70,107
335,181
142,464
105,479
394,456
390,418
360,104
266,19
238,3
156,137
28,261
87,456
382,304
237,284
42,482
470,159
108,109
304,324
407,121
162,31
34,261
64,221
404,379
155,156
194,371
370,18
49,384
418,140
28,236
360,126
181,99
95,392
86,327
253,11
346,167
369,285
92,430
325,136
193,335
5,35
3,457
11,68
406,244
451,384
337,24
89,183
89,488
386,43
75,414
35,18
39,223
312,42
228,16
288,19
477,198
478,437
388,293
419,454
449,41
63,291
258,391
122,481
472,426
262,170
166,438
38,343
328,233
439,490
15,216
312,156
264,156
381,176
462,87
458,40
172,188
64,170
235,65
66,291
46,264
262,348
88,334
383,27
436,5
414,221
224,104
175,277
413,447
118,264
456,284
242,428
46,166
104,144
21,88
204,352
102,429
313,447
330,180
447,86
166,83
34,23
166,276
377,221
71,83
367,366
28,204
70,384
307,227
404,159
208,337
3,278
240,401
426,257
376,162
354,287
195,47
402,131
402,272
239,456
469,2
148,277
74,400
248,222
182,337
43,340
335,433
411,140
486,179
401,445
335,332
434,312
269,207
55,356
74,450
365,203
58,307
30,13
440,201
150,434
53,328
96,198
43,123
355,168
435,463
212,210
429,100
244,455
386,432
306,296
134,431
430,249
484,366
286,99
194,157
124,354
103,356
358,232
337,397
257,47
127,9
122,438
339,70
234,459
442,17
45,388
90,411
308,11
36,378
237,159
336,377
9,220
234,388
121,425
356,377
117,429
387,136
458,300
388,108
327,7
171,353
121,143
95,402
166,293
33,77
253,63
195,14
122,398
186,112
148,90
423,374
437,189
148,401
316,391
46,258
428,420
52,155
277,425
65,313
382,355
164,47
240,264
446,68
411,213
393,141
424,138
173,332
282,36
455,327
139,188
467,475
436,334
188,47
384,329
216,420
188,278
15,387
279,64
127,394
151,280
442,249
111,65
144,220
423,75
380,448
394,416
211,258
327,10
150,55
114,420
292,248
7,113
111,475
160,213
256,63
133,448
424,252
184,348
322,30
154,357
42,46
262,303
302,121
123,384
359,473
198,45
60,289
430,46
320,10
192,191
141,441
173,166
307,190
401,424
309,76
135,362
433,25
56,489
376,449
44,190
229,260
394,448
187,89
395,381
151,90
349,6
66,262
370,109
428,143
60,239
67,55
64,70
270,446
472,465
267,116
456,355
476,248
337,389
133,465
345,80
116,270
81,295
272,189
357,201
373,454
182,177
444,273
125,378
414,116
220,23
380,259
378,317
459,285
277,440
208,151
329,234
150,310
458,198
171,254
150,233
190,483
108,85
73,16
485,158
249,302
439,474
211,135
51,158
101,121
251,440
274,239
271,39
283,221
122,95
232,63
264,347
338,351
128,359
359,107
218,265
307,416
189,214
402,382
304,394
180,48
237,254
160,181
439,163
486,392
263,18
226,3
21,88
147,276
331,71
282,117
132,415
213,478
89,443
51,416
156,320
88,463
189,333
86,478
32,317
225,84
342,409
178,472
355,421
162,328
337,27
440,257
199,294
218,461
311,65
480,287
41,471
248,361
380,250
455,142
242,92
250,5
114,454
48,53
7,419
457,324
52,289
318,56
204,162
86,425
427,461
408,406
163,337
149,12
210,232
6,253
111,185
3,447
278,98
253,461
90,49
233,41
263,447
31,24
326,267
365,465
18,153
419,278
175,166
137,357
57,482
40,209
207,170
408,273
291,457
6,183
10,264
140,441
481,222
100,183
75,470
472,396
152,105
24,394
250,455
486,390
461,300
227,339
261,37
184,180
2,283
200,330
121,59
428,21
410,61
226,267
34,219
194,94
365,252
408,315
342,57
146,198
434,474
370,339
49,460
159,95
216,141
232,139
362,315
462,404
155,142
430,254
204,271
112,111
171,189
412,118
459,276
145,355
356,313
207,126
99,163
186,243
184,104
120,39
408,318
329,93
469,287
465,462
272,445
312,128
439,473
50,468
259,452
180,145
279,471
162,117
413,136
129,37
480,38
287,19
472,239
12,466
314,219
124,397
438,358
238,484
454,291
161,239
78,395
6,160
93,120
190,338
74,217
486,337
78,312
200,273
408,171
306,162
95,226
432,203
167,473
54,291
291,272
246,371
132,13
65,76
339,391
122,249
2,308
284,416
433,101
244,168
56,279
304,204
220,476
35,407
468,96
41,440
423,411
366,407
452,328
486,325
71,277
322,355
434,156
440,129
79,325
314,18
443,43
449,231
20,134
315,154
202,10
135,312
217,108
213,302
105,297
466,31
402,137
401,347
419,438
130,110
194,23
454,388
291,175
214,35
410,405
166,266
129,424
403,467
197,85
410,111
382,10
264,113
200,68
357,117
271,332
